    7.0000    -2.1450      0.1143
    7.0294    -2.1520      0.1143
    7.0607    -2.1571      0.1143
    7.0899    -2.1641      0.1143
    7.1206    -2.1709      0.1143
    7.1523    -2.1759      0.1143
    7.1818    -2.1841      0.1143
    7.2122    -2.1901      0.1143
    7.2430    -2.1961      0.1143
    7.2718    -2.2076      0.1143
    7.3032    -2.2140      0.1143
    7.3324    -2.2226      0.1143
    7.3636    -2.2328      0.1143
    7.3945    -2.2390      0.1143
    7.4249    -2.2496      0.1143
    7.4548    -2.2597      0.1143
    7.4843    -2.2715      0.1143
    7.5145    -2.2825      0.1143
    7.5453    -2.2931      0.1143
    7.5752    -2.3060      0.1143
    7.6064    -2.3171      0.1143
    7.6365    -2.3301      0.1143
    7.6665    -2.3439      0.1143
    7.6972    -2.3585      0.1143
    7.7275    -2.3724      0.1143
    7.7574    -2.3890      0.1143
    7.7882    -2.4040      0.1143
    7.8182    -2.4216      0.1143
    7.8482    -2.4393      0.1143
    7.8785    -2.4561      0.1143
    7.9090    -2.4759      0.1143
    7.9395    -2.4941      0.1143
    7.9699    -2.5156      0.1143
    8.0000    -2.5374      0.1143
    8.0294    -2.5592      0.1143
    8.0607    -2.5823      0.1143
    8.0899    -2.6079      0.1143
    8.1206    -2.6324      0.1143
    8.1523    -2.6568      0.1143
    8.1818    -2.6844      0.1143
    8.2122    -2.7121      0.1143
    8.2430    -2.7406      0.1143
    8.2718    -2.7727      0.1143
    8.3032    -2.8018      0.1143
    8.3324    -2.8355      0.1143
    8.3636    -2.8676      0.1143
    8.3945    -2.9029      0.1143
    8.4249    -2.9387      0.1143
    8.4548    -2.9761      0.1143
    8.4843    -3.0136      0.1143
    8.5145    -3.0551      0.1143
    8.5453    -3.0951      0.1143
    8.5752    -3.1383      0.1143
    8.6064    -3.1808      0.1143
    8.6365    -3.2261      0.1143
    8.6665    -3.2732      0.1143
    8.6972    -3.3204      0.1143
    8.7275    -3.3699      0.1143
    8.7574    -3.4225      0.1143
    8.7882    -3.4749      0.1143
    8.8182    -3.5273      0.1143
    8.8482    -3.5855      0.1143
    8.8785    -3.6420      0.1143
    8.9090    -3.6994      0.1143
    8.9395    -3.7607      0.1143
    8.9699    -3.8234      0.1143
    9.0000    -3.8873      0.1143
    9.0294    -3.9542      0.1143
    9.0607    -4.0208      0.1143
    9.0899    -4.0915      0.1143
    9.1206    -4.1612      0.1143
    9.1523    -4.2326      0.1143
    9.1818    -4.3067      0.1143
    9.2122    -4.3842      0.1143
    9.2430    -4.4628      0.1143
    9.2718    -4.5444      0.1143
    9.3032    -4.6253      0.1143
    9.3324    -4.7110      0.1143
    9.3636    -4.7956      0.1143
    9.3945    -4.8835      0.1143
    9.4249    -4.9724      0.1143
    9.4548    -5.0657      0.1143
    9.4843    -5.1605      0.1143
    9.5145    -5.2564      0.1143
    9.5453    -5.3545      0.1143
    9.5752    -5.4551      0.1143
    9.6064    -5.5557      0.1143
    9.6365    -5.6609      0.1143
    9.6665    -5.7671      0.1143
    9.6972    -5.8761      0.1143
    9.7275    -5.9865      0.1143
    9.7574    -6.1001      0.1143
    9.7882    -6.2151      0.1143
    9.8182    -6.3324      0.1143
    9.8482    -6.4531      0.1143
    9.8785    -6.5746      0.1143
    9.9090    -6.6994      0.1143
    9.9395    -6.8244      0.1143
    9.9699    -6.9536      0.1143
   10.0000    -7.0851      0.1143
