5.000000 -3.840000 -3.540000 -4.230000 
5.250000 -3.660000 -3.420000 -4.010000 
5.500000 -3.480000 -3.260000 -3.790000 
5.750000 -3.300000 -3.110000 -3.550000 
6.000000 -3.140000 -3.000000 -3.360000 
6.250000 -3.000000 -2.890000 -3.180000 
6.500000 -2.880000 -2.810000 -3.010000 
6.750000 -2.800000 -2.740000 -2.880000 
7.000000 -2.740000 -2.680000 -2.810000 
7.250000 -2.720000 -2.640000 -2.830000 
7.500000 -2.750000 -2.630000 -2.900000 
7.750000 -2.850000 -2.690000 -3.020000 
8.000000 -2.970000 -2.800000 -3.130000 
8.250000 -3.090000 -2.930000 -3.240000 
8.500000 -3.250000 -3.100000 -3.430000 
8.750000 -3.440000 -3.270000 -3.720000 
9.000000 -3.700000 -3.450000 -4.090000 
9.250000 -3.990000 -3.650000 -4.490000 
9.500000 -4.320000 -3.900000 -4.910000 
