7.000000 -2.168459 -2.025090 -2.311828 
7.100000 -2.210211 -2.067689 -2.352733 
7.200000 -2.253899 -2.111985 -2.395813 
7.300000 -2.299190 -2.157704 -2.440675 
7.400000 -2.347353 -2.206030 -2.488676 
7.500000 -2.394820 -2.253236 -2.536404 
7.600000 -2.440455 -2.299219 -2.581690 
7.700000 -2.502072 -2.361434 -2.642711 
7.800000 -2.566145 -2.423044 -2.709245 
7.900000 -2.617862 -2.458120 -2.777604 
8.000000 -2.684717 -2.510981 -2.858453 
8.100000 -2.755388 -2.565165 -2.945611 
8.200000 -2.834049 -2.628934 -3.039165 
8.300000 -2.923587 -2.702735 -3.144440 
8.400000 -3.028853 -2.784056 -3.273651 
8.500000 -3.136084 -2.862442 -3.409726 
8.600000 -3.244194 -2.940711 -3.547676 
8.700000 -3.402951 -3.090468 -3.715434 
8.800000 -3.581502 -3.275675 -3.887329 
8.900000 -3.774476 -3.430310 -4.118641 
9.000000 -3.996290 -3.583039 -4.409540 
9.100000 -4.207831 -3.768935 -4.646726 
9.200000 -4.425253 -3.944418 -4.906089 
9.300000 -4.684962 -4.171905 -5.198018 
9.400000 -4.925105 -4.384304 -5.465907 
9.500000 -5.238090 -4.668663 -5.807517 
9.600000 -5.562880 -4.948067 -6.177693 
9.700000 -5.901616 -5.233225 -6.570007 
9.800000 -6.228071 -5.502755 -6.953388 
