6.003366947174072266e+00 -2.384341716766357422e+00 -2.330960750579833984e+00 -2.437722444534301758e+00
6.205387115478515625e+00 -2.309608459472656250e+00 -2.266903877258300781e+00 -2.352313280105590820e+00
6.400673389434814453e+00 -2.299110412597656250e+00 -2.256583690643310547e+00 -2.341636896133422852e+00
6.602693557739257812e+00 -2.304270505905151367e+00 -2.256227731704711914e+00 -2.352313280105590820e+00
6.804713726043701172e+00 -2.336832761764526367e+00 -2.278647661209106445e+00 -2.395017862319946289e+00
7.000000000000000000e+00 -2.368327379226684570e+00 -2.309608459472656250e+00 -2.427046298980712891e+00
7.202020168304443359e+00 -2.421708106994628906e+00 -2.362989425659179688e+00 -2.480427026748657227e+00
7.404040336608886719e+00 -2.480427026748657227e+00 -2.416370153427124023e+00 -2.544483900070190430e+00
7.599326610565185547e+00 -2.544484138488769531e+00 -2.480427026748657227e+00 -2.608541011810302734e+00
7.801346778869628906e+00 -2.624555110931396484e+00 -2.555160045623779297e+00 -2.693950176239013672e+00
8.003367424011230469e+00 -2.725978612899780273e+00 -2.651245594024658203e+00 -2.800711631774902344e+00
8.205387115478515625e+00 -2.838078260421752930e+00 -2.758007049560546875e+00 -2.918149471282958984e+00
8.400673866271972656e+00 -2.958896875381469727e+00 -2.871530294418334961e+00 -3.046263456344604492e+00
8.602693557739257812e+00 -3.120996475219726562e+00 -3.014234781265258789e+00 -3.227757930755615234e+00
8.804714202880859375e+00 -3.297152996063232422e+00 -3.185053348541259766e+00 -3.409252643585205078e+00
9.000000000000000000e+00 -3.494661808013916016e+00 -3.366548061370849609e+00 -3.622775793075561523e+00
9.202020645141601562e+00 -3.724199295043945312e+00 -3.558718919754028320e+00 -3.889679670333862305e+00
9.404040336608886719e+00 -3.991103172302246094e+00 -3.793594360351562500e+00 -4.188611984252929688e+00
9.606060981750488281e+00 -4.300711631774902344e+00 -4.049821853637695312e+00 -4.551601409912109375e+00
9.801346778869628906e+00 -4.658363342285156250e+00 -4.338078498840332031e+00 -4.978647708892822266e+00
9.962963104248046875e+00 -4.989323616027832031e+00 -4.604982376098632812e+00 -5.373665332794189453e+00
